74.262834
65.053591
7.878865
21.715341
20.415703
52.441710
43.687648
41.974429
42.870916
31.971456
71.830788
72.230565
62.822558
83.487576
56.161189
33.963336
23.208086
58.878871
44.430516
8.879433
48.486361
2.460320
77.760602
73.977594
50.828218
72.972537
46.583821
86.950184
51.601971
22.642474
84.356857
25.864805
87.696065
92.235722
47.580146
8.111768
44.677432
91.267794
50.086197
87.548348
23.239250
21.916985
59.778913
86.061809
5.404561
15.940102
20.025144
28.612647
74.818973
64.455660
37.492080
23.305333
66.915981
15.252682
97.282928
17.744199
88.225219
43.866749
4.694383
39.827190
66.509223
89.051240
65.691995
54.205287
81.286962
13.272141
62.317056
25.964394
4.539935
12.403253
13.512742
27.779185
34.320238
73.291656
13.840994
39.724799
89.231758
33.866138
68.337446
64.050731
98.321799
5.829526
87.356064
65.237779
21.082208
84.638992
82.981978
9.307427
28.505741
87.676361
49.134616
95.014963
76.727600
14.826611
49.220251
58.014562
28.098752
11.537306
83.978957
32.638687
23.940559
97.491699
60.417872
58.260796
70.783355
74.258866
97.985595
60.015112
8.125005
66.323041
24.065843
6.446803
72.152567
11.421907
71.684583
93.234775
96.060898
54.666561
2.542202
24.566639
42.342922
51.676819
19.581602
19.070522
66.503430
68.801853
77.085084
94.602182
80.339159
61.064041
27.240869
4.279717
58.555740
87.658741
62.540514
29.339094
61.917607
60.526109
89.354207
70.042612
26.849150
13.420050
76.489416
99.001717
24.841956
48.173998
92.236492
20.902855
2.840559
94.778694
45.469494
45.183481
46.455513
65.051096
64.254003
12.958943
33.852948
41.339087
7.561124
14.192107
2.403127
34.801993
18.471824
60.958867
22.460734
81.012338
90.297962
84.378342
41.538447
79.652168
54.420954
68.387597
93.072218
30.910369
67.389314
17.914174
79.084367
59.625806
38.817029
81.924926
54.404501
84.286522
27.108407
0.860013
49.337618
91.362409
13.818956
83.190566
32.701496
21.380080
97.382673
35.104623
56.182074
15.854497
96.063491
78.642808
96.866836
86.361452
63.021149
38.405283
66.013620
17.442103
6.792880
59.085838
48.352472
74.182194
77.000012
27.436839
33.808000
15.817041
9.361765
88.212501
0.103563
36.470172
89.072514
49.441181
27.832582
2.891470
32.631747
60.534078
24.271550
30.014420
95.638701
80.453624
45.868918
91.702192
59.096432
42.735753
78.063644
22.117581
81.141036
44.077264
39.559684
87.933916
3.163102
87.912156
62.116109
80.163114
15.348995
95.924109
95.980154
24.710760
84.136610
96.083717
61.180933
73.209124
45.524898
89.013514
76.100594
78.156646
49.547592
0.372144
8.171066
45.186293
80.825768
54.039984
36.888484
39.922199
96.775737
14.952128
62.039780
77.916773
59.029392
1.599464
65.850688
62.192493
89.511620
27.966798
42.355607
4.860614
23.890907
38.335761
29.571375
8.027517
34.419478
90.752307
81.236641
79.944377
79.765822
57.337234
58.101022
29.313413
57.709378
66.272088
74.499706
38.535146
20.312072
11.388190
78.457346
17.087809
26.340318
40.497126
95.004581
85.369710
42.096590
60.855270
47.562203
31.608209
88.822067
89.917810
36.468824
12.712974
28.253571
66.040199
20.740491
62.673049
56.792506
1.977132
42.617426
36.558328
59.314367
0.718448
65.871741
17.023745
66.990537
40.371447
55.558891
87.302608
51.759637
34.016237
4.390417
78.099956
74.513363
99.394998
63.469665
16.609953
60.250268
11.031868
48.218163
49.072335
0.949678
84.686987
61.785310
29.203249
50.727185
82.525801
91.876298
7.519691
84.502933
34.493725
44.078019
43.817300
35.212173
9.949760
60.841045
2.202710
50.321207
16.399937
89.505318
2.080844
50.416174
93.895735
80.180800
24.929537
93.290733
43.650465
41.539490
53.541001
54.682334
89.757653
2.613336
55.632012
74.444640
64.398646
84.835261
25.171825
46.924447
76.711559
32.691516
31.427380
11.205284
76.769535
75.244680
46.417457
86.719295
36.085725
48.620167
37.040502
52.485662
38.125485
39.121346
2.901836
32.021220
19.302146
27.831373
25.311953
62.952612
69.370863
78.852954
17.634945
59.128517
81.466291
73.266957
33.573156
45.864936
58.102218
58.744981
92.789383
34.813777
91.436498
24.216763
46.019061
68.206033
99.461442
92.436518
54.925328
35.547168
41.056685
91.965830
88.032829
79.182170
31.087176
90.934665
11.203390
50.389323
18.766038
36.515343
13.341935
88.136902
15.368298
30.976880
47.265418
96.834588
4.243837
80.838575
42.699524
62.346056
39.583556
35.488907
97.159833
31.020054
59.705669
43.178894
99.226087
59.167112
35.615412
54.151414
94.714279
76.672097
46.117244
82.747109
55.854267
77.204421
73.681774
67.057657
27.593744
92.447812
3.573000
40.935678
80.584714
18.941297
71.912559
27.850132
15.775886
76.156396
8.688707
58.475410
38.502452
48.272263
93.964317
35.662285
79.292317
53.669986
78.841179
78.518403
12.837098
14.456592
32.669818
7.551377
91.128689
78.787062
90.298486
46.982956
55.991483
63.980260
14.040613
83.585226
56.428072
17.613613
24.520905
37.012786
36.554910
96.433464
64.862918
52.330796
72.589860
73.551625
10.806206
11.092311
21.823888
4.770522
46.754596
1.116204
58.440508
25.595775
79.634608
71.277605
40.052367
12.304425
78.828982
